[gd_scene load_steps=8 format=1]

[ext_resource path="res://addons/eco.fps.controller/kinematic_fps_controller.tscn" type="PackedScene" id=1]
[ext_resource path="res://samples/7_custom_weapon/scarecrow.scn" type="PackedScene" id=2]

[sub_resource type="GDScript" id=3]

script/source = "extends Spatial\n\nfunc _ready():\n\tset_process_input(true)\n\nfunc _input(event):\n\tif Input.is_action_pressed(\"ui_cancel\"):\n\t\tget_tree().quit()"

[sub_resource type="FixedMaterial" id=1]

flags/visible = true
flags/double_sided = false
flags/invert_faces = false
flags/unshaded = false
flags/on_top = false
flags/lightmap_on_uv2 = true
flags/colarray_is_srgb = true
params/blend_mode = 0
params/depth_draw = 1
params/line_width = 0.0
fixed_flags/use_alpha = false
fixed_flags/use_color_array = false
fixed_flags/use_point_size = false
fixed_flags/discard_alpha = false
fixed_flags/use_xy_normalmap = false
params/diffuse = Color( 0.0944214, 0.355469, 0, 1 )
params/specular = Color( 0, 0, 0, 1 )
params/emission = Color( 0, 0, 0, 1 )
params/specular_exp = 40
params/detail_mix = 1.0
params/normal_depth = 1
params/shader = 0
params/shader_param = 0.5
params/glow = 0
params/point_size = 1.0
uv_xform = Transform( 1, 0, 0, 0, 1, 0, 0, 0, 1, 0, 0, 0 )
textures/diffuse_tc = 0
textures/detail_tc = 0
textures/specular_tc = 0
textures/emission_tc = 0
textures/specular_exp_tc = 0
textures/glow_tc = 0
textures/normal_tc = 0
textures/shade_param_tc = 0

[sub_resource type="PlaneShape" id=2]

plane = Plane( 0, 1, 0, 0 )

[sub_resource type="GDScript" id=5]

script/source = "extends \"res://addons/eco.fps.controller/kinematic_fps_controller.gd\"\n\nfunc get_bullet_factory_instance():\n\treturn preload(\"custom_factory.gd\").new()"

[sub_resource type="Environment" id=4]

ambient_light/enabled = true
ambient_light/color = Color( 0.785156, 0.785156, 0.785156, 1 )
ambient_light/energy = 1.0
fxaa/enabled = false
background/mode = 2
background/color = Color( 0, 0.585632, 0.789062, 1 )
background/energy = 1.0
background/scale = 1.0
background/glow = 0.0
background/canvas_max_layer = null
glow/enabled = false
glow/blur_passes = 1
glow/blur_scale = 1
glow/blur_strength = 1
glow/blur_blend_mode = null
glow/bloom = 0.0
glow/bloom_treshold = 0.5
dof_blur/enabled = false
dof_blur/blur_passes = 1
dof_blur/begin = 100.0
dof_blur/range = 10.0
hdr/enabled = false
hdr/tonemapper = 0
hdr/exposure = 0.4
hdr/white = 1.0
hdr/glow_treshold = 0.95
hdr/glow_scale = 0.2
hdr/min_luminance = 0.4
hdr/max_luminance = 8.0
hdr/exposure_adj_speed = 0.5
fog/enabled = false
fog/begin = 100.0
fog/begin_color = Color( 0, 0, 0, 1 )
fog/end_color = Color( 0, 0, 0, 1 )
fog/attenuation = 1.0
fog/bg = true
bcs/enabled = false
bcs/brightness = 1.0
bcs/contrast = 1.0
bcs/saturation = 1.0
srgb/enabled = false

[node name="world" type="Spatial"]

_import_transform = Transform( 1, 0, 0, 0, 1, 0, 0, 0, 1, 0, 0, 0 )
script/script = SubResource( 3 )

[node name="Quad" type="Quad" parent="."]

_import_transform = Transform( 1, 0, 0, 0, 1, 0, 0, 0, 1, 0, 0, 0 )
layers = 1
geometry/visible = true
geometry/material_override = SubResource( 1 )
geometry/cast_shadow = 1
geometry/receive_shadows = true
geometry/range_begin = 0.0
geometry/range_end = 0.0
geometry/extra_cull_margin = 0.0
geometry/billboard = false
geometry/billboard_y = false
geometry/depth_scale = false
geometry/visible_in_all_rooms = false
geometry/use_baked_light = false
geometry/baked_light_tex_id = 0
quad/axis = 1
quad/size = Vector2( 100, 100 )
quad/offset = Vector2( 0, 0 )
quad/centered = true

[node name="StaticBody" type="StaticBody" parent="Quad"]

_import_transform = Transform( 1, 0, 0, 0, 1, 0, 0, 0, 1, 0, 0, 0 )
input/ray_pickable = true
input/capture_on_drag = false
shape_count = 1
shapes/0/shape = SubResource( 2 )
shapes/0/transform = Transform( 1, 0, 0, 0, 1, 0, 0, 0, 1, 0, 0, 0 )
shapes/0/trigger = false
collision/layers = 1
collision/mask = 1
friction = 1.0
bounce = 0.0
constant_linear_velocity = Vector3( 0, 0, 0 )
constant_angular_velocity = Vector3( 0, 0, 0 )

[node name="CollisionShape" type="CollisionShape" parent="Quad/StaticBody"]

_import_transform = Transform( 1, 0, 0, 0, 1, 0, 0, 0, 1, 0, 0, 0 )
shape = SubResource( 2 )
trigger = false
_update_shape_index = 0

[node name="player" parent="." instance=ExtResource( 1 )]

transform/local = Transform( 1, 0, 0, 0, 1, 0, 0, 0, 1, 0, 0.735058, 0 )
script/script = SubResource( 5 )
weapon = "bfg"

[node name="WorldEnvironment" type="WorldEnvironment" parent="."]

_import_transform = Transform( 1, 0, 0, 0, 1, 0, 0, 0, 1, 0, 0, 0 )
environment = SubResource( 4 )

[node name="dummies" type="Spatial" parent="."]

editor/display_folded = true
_import_transform = Transform( 1, 0, 0, 0, 1, 0, 0, 0, 1, 0, 0, 0 )

[node name="dummy" parent="dummies" instance=ExtResource( 2 )]

transform/local = Transform( -0.0703072, 0, 0.997525, 0, 1, 0, -0.997525, 0, -0.0703072, 0, 0, -38.253 )

[node name="dummy1" parent="dummies" instance=ExtResource( 2 )]

transform/local = Transform( 0.820603, 0, -0.571498, 0, 1, 0, 0.571498, 0, 0.820603, 8.17748, 0, -31.2868 )

[node name="dummy5" parent="dummies" instance=ExtResource( 2 )]

transform/local = Transform( 0.988065, 0, -0.15404, 0, 1, 0, 0.15404, 0, 0.988065, 19.7358, 0, -20.8864 )

[node name="dummy6" parent="dummies" instance=ExtResource( 2 )]

transform/local = Transform( 0.692364, 0, 0.721549, 0, 1, 0, -0.721549, 0, 0.692364, 13.6673, 0, -43.1042 )

[node name="dummy2" parent="dummies" instance=ExtResource( 2 )]

transform/local = Transform( 0.969879, 0, 0.243588, 0, 1, 0, -0.243588, 0, 0.969879, -12.3705, 0, -25.746 )

[node name="dummy3" parent="dummies" instance=ExtResource( 2 )]

transform/local = Transform( 0.861589, 0, -0.507607, 0, 1, 0, 0.507607, 0, 0.861589, -7.61897, 0, -40.7732 )

[node name="dummy4" parent="dummies" instance=ExtResource( 2 )]

transform/local = Transform( 0.706959, 0, 0.707255, 0, 1, 0, -0.707255, 0, 0.706959, -21.4605, 0, -32.0669 )


